ID,Estimated Speedup [%],Function Name,Demangled Name,Duration [us],Runtime Improvement [us],Compute Throughput [%],Memory Throughput [%],# Registers [register/thread],Grid Size,Block Size [block]
0,0.00,bitonic_sort_step,bitonic_sort_step..,"53,34","0,00","28,14","90,98",26," 4096,    1,    1","  512,    1,    1"
1,0.00,bitonic_sort_step,bitonic_sort_step..,"44,29","0,00","34,96","87,38",26," 4096,    1,    1","  512,    1,    1"
2,0.00,bitonic_sort_step,bitonic_sort_step..,"58,98","0,00","38,54","90,61",26," 4096,    1,    1","  512,    1,    1"
3,0.00,bitonic_sort_step,bitonic_sort_step..,"45,54","0,00","34,35","86,29",26," 4096,    1,    1","  512,    1,    1"
4,0.00,bitonic_sort_step,bitonic_sort_step..,"48,13","0,00","47,38","86,27",26," 4096,    1,    1","  512,    1,    1"
5,0.00,bitonic_sort_step,bitonic_sort_step..,"48,16","0,00","47,29","86,19",26," 4096,    1,    1","  512,    1,    1"
6,0.00,bitonic_sort_step,bitonic_sort_step..,"44,96","0,00","34,61","85,72",26," 4096,    1,    1","  512,    1,    1"
7,0.00,bitonic_sort_step,bitonic_sort_step..,"45,57","0,00","49,51","87,52",26," 4096,    1,    1","  512,    1,    1"
8,0.00,bitonic_sort_step,bitonic_sort_step..,"45,57","0,00","49,42","86,89",26," 4096,    1,    1","  512,    1,    1"
9,0.00,bitonic_sort_step,bitonic_sort_step..,"45,34","0,00","49,22","86,79",26," 4096,    1,    1","  512,    1,    1"
10,0.00,bitonic_sort_step,bitonic_sort_step..,"40,35","0,00","21,87","88,96",26," 4096,    1,    1","  512,    1,    1"
11,0.00,bitonic_sort_step,bitonic_sort_step..,"40,54","0,00","28,86","88,95",26," 4096,    1,    1","  512,    1,    1"
12,0.00,bitonic_sort_step,bitonic_sort_step..,"41,22","0,00","28,26","89,36",26," 4096,    1,    1","  512,    1,    1"
13,0.00,bitonic_sort_step,bitonic_sort_step..,"40,80","0,00","28,22","88,84",26," 4096,    1,    1","  512,    1,    1"
14,0.00,bitonic_sort_step,bitonic_sort_step..,"40,06","0,00","27,94","88,73",26," 4096,    1,    1","  512,    1,    1"
15,0.00,bitonic_sort_step,bitonic_sort_step..,"40,42","0,00","13,43","89,00",26," 4096,    1,    1","  512,    1,    1"
16,0.00,bitonic_sort_step,bitonic_sort_step..,"40,29","0,00","21,86","88,78",26," 4096,    1,    1","  512,    1,    1"
17,0.00,bitonic_sort_step,bitonic_sort_step..,"41,22","0,00","22,63","88,76",26," 4096,    1,    1","  512,    1,    1"
18,0.00,bitonic_sort_step,bitonic_sort_step..,"42,40","0,00","22,34","89,63",26," 4096,    1,    1","  512,    1,    1"
19,0.00,bitonic_sort_step,bitonic_sort_step..,"41,44","0,00","22,52","89,23",26," 4096,    1,    1","  512,    1,    1"
20,0.00,bitonic_sort_step,bitonic_sort_step..,"39,78","0,00","22,07","88,86",26," 4096,    1,    1","  512,    1,    1"
21,0.00,bitonic_sort_step,bitonic_sort_step..,"40,16","0,00","13,08","88,44",26," 4096,    1,    1","  512,    1,    1"
22,0.00,bitonic_sort_step,bitonic_sort_step..,"40,32","0,00","13,81","89,05",26," 4096,    1,    1","  512,    1,    1"
23,0.00,bitonic_sort_step,bitonic_sort_step..,"41,57","0,00","24,55","88,69",26," 4096,    1,    1","  512,    1,    1"
24,0.00,bitonic_sort_step,bitonic_sort_step..,"43,20","0,00","24,25","89,16",26," 4096,    1,    1","  512,    1,    1"
25,0.00,bitonic_sort_step,bitonic_sort_step..,"46,27","0,00","22,68","89,67",26," 4096,    1,    1","  512,    1,    1"
26,0.00,bitonic_sort_step,bitonic_sort_step..,"44,03","0,00","23,32","88,99",26," 4096,    1,    1","  512,    1,    1"
27,0.00,bitonic_sort_step,bitonic_sort_step..,"40,80","0,00","23,29","88,18",26," 4096,    1,    1","  512,    1,    1"
28,0.00,bitonic_sort_step,bitonic_sort_step..,"40,83","0,00","11,55","88,00",26," 4096,    1,    1","  512,    1,    1"
29,0.00,bitonic_sort_step,bitonic_sort_step..,"40,13","0,00","13,09","88,68",26," 4096,    1,    1","  512,    1,    1"
30,0.00,bitonic_sort_step,bitonic_sort_step..,"40,58","0,00","15,38","89,77",26," 4096,    1,    1","  512,    1,    1"
31,0.00,bitonic_sort_step,bitonic_sort_step..,"42,24","0,00","27,10","89,45",26," 4096,    1,    1","  512,    1,    1"
32,0.00,bitonic_sort_step,bitonic_sort_step..,"45,06","0,00","25,90","89,31",26," 4096,    1,    1","  512,    1,    1"
33,0.00,bitonic_sort_step,bitonic_sort_step..,"49,57","0,00","23,34","90,44",26," 4096,    1,    1","  512,    1,    1"
34,0.00,bitonic_sort_step,bitonic_sort_step..,"45,89","0,00","24,84","90,25",26," 4096,    1,    1","  512,    1,    1"
35,0.00,bitonic_sort_step,bitonic_sort_step..,"42,02","0,00","26,05","88,84",26," 4096,    1,    1","  512,    1,    1"
36,0.00,bitonic_sort_step,bitonic_sort_step..,"39,58","0,00","11,17","88,39",26," 4096,    1,    1","  512,    1,    1"
37,0.00,bitonic_sort_step,bitonic_sort_step..,"39,84","0,00","11,96","88,69",26," 4096,    1,    1","  512,    1,    1"
38,0.00,bitonic_sort_step,bitonic_sort_step..,"40,26","0,00","13,01","88,35",26," 4096,    1,    1","  512,    1,    1"
39,0.00,bitonic_sort_step,bitonic_sort_step..,"40,86","0,00","15,31","89,10",26," 4096,    1,    1","  512,    1,    1"
40,0.00,bitonic_sort_step,bitonic_sort_step..,"42,27","0,00","27,12","89,28",26," 4096,    1,    1","  512,    1,    1"
41,0.00,bitonic_sort_step,bitonic_sort_step..,"45,02","0,00","25,83","89,40",26," 4096,    1,    1","  512,    1,    1"
42,0.00,bitonic_sort_step,bitonic_sort_step..,"49,57","0,00","23,29","90,45",26," 4096,    1,    1","  512,    1,    1"
43,0.00,bitonic_sort_step,bitonic_sort_step..,"46,34","0,00","24,81","89,49",26," 4096,    1,    1","  512,    1,    1"
44,0.00,bitonic_sort_step,bitonic_sort_step..,"41,86","0,00","26,04","89,13",26," 4096,    1,    1","  512,    1,    1"
45,0.00,bitonic_sort_step,bitonic_sort_step..,"40,54","0,00","10,92","87,58",26," 4096,    1,    1","  512,    1,    1"
46,0.00,bitonic_sort_step,bitonic_sort_step..,"39,74","0,00","11,24","88,05",26," 4096,    1,    1","  512,    1,    1"
47,0.00,bitonic_sort_step,bitonic_sort_step..,"40,77","0,00","12,00","87,88",26," 4096,    1,    1","  512,    1,    1"
48,5.62,bitonic_sort_step,bitonic_sort_step..,"40,51","2,28","12,95","87,94",26," 4096,    1,    1","  512,    1,    1"
49,0.00,bitonic_sort_step,bitonic_sort_step..,"40,86","0,00","15,37","89,13",26," 4096,    1,    1","  512,    1,    1"
50,0.00,bitonic_sort_step,bitonic_sort_step..,"42,43","0,00","27,00","89,07",26," 4096,    1,    1","  512,    1,    1"
51,0.00,bitonic_sort_step,bitonic_sort_step..,"45,12","0,00","25,91","89,51",26," 4096,    1,    1","  512,    1,    1"
52,0.00,bitonic_sort_step,bitonic_sort_step..,"49,54","0,00","23,44","90,53",26," 4096,    1,    1","  512,    1,    1"
53,0.00,bitonic_sort_step,bitonic_sort_step..,"46,08","0,00","24,76","90,25",26," 4096,    1,    1","  512,    1,    1"
54,0.00,bitonic_sort_step,bitonic_sort_step..,"41,89","0,00","26,07","88,86",26," 4096,    1,    1","  512,    1,    1"
55,0.00,bitonic_sort_step,bitonic_sort_step..,"39,87","0,00","10,84","88,83",26," 4096,    1,    1","  512,    1,    1"
56,0.00,bitonic_sort_step,bitonic_sort_step..,"40,45","0,00","10,84","87,53",26," 4096,    1,    1","  512,    1,    1"
57,0.00,bitonic_sort_step,bitonic_sort_step..,"39,84","0,00","11,32","87,70",26," 4096,    1,    1","  512,    1,    1"
58,0.00,bitonic_sort_step,bitonic_sort_step..,"40,64","0,00","11,62","87,79",26," 4096,    1,    1","  512,    1,    1"
59,0.00,bitonic_sort_step,bitonic_sort_step..,"40,26","0,00","13,05","88,41",26," 4096,    1,    1","  512,    1,    1"
60,0.00,bitonic_sort_step,bitonic_sort_step..,"41,57","0,00","15,18","87,94",26," 4096,    1,    1","  512,    1,    1"
61,0.00,bitonic_sort_step,bitonic_sort_step..,"42,50","0,00","27,10","89,08",26," 4096,    1,    1","  512,    1,    1"
62,0.00,bitonic_sort_step,bitonic_sort_step..,"44,83","0,00","25,89","89,93",26," 4096,    1,    1","  512,    1,    1"
63,0.00,bitonic_sort_step,bitonic_sort_step..,"49,95","0,00","23,49","89,99",26," 4096,    1,    1","  512,    1,    1"
64,0.00,bitonic_sort_step,bitonic_sort_step..,"46,43","0,00","24,59","89,77",26," 4096,    1,    1","  512,    1,    1"
65,0.00,bitonic_sort_step,bitonic_sort_step..,"41,76","0,00","26,17","89,13",26," 4096,    1,    1","  512,    1,    1"
66,0.00,bitonic_sort_step,bitonic_sort_step..,"39,71","0,00","10,79","88,30",26," 4096,    1,    1","  512,    1,    1"
67,0.00,bitonic_sort_step,bitonic_sort_step..,"40,03","0,00","10,81","88,67",26," 4096,    1,    1","  512,    1,    1"
68,0.00,bitonic_sort_step,bitonic_sort_step..,"40,45","0,00","10,77","87,44",26," 4096,    1,    1","  512,    1,    1"
69,0.00,bitonic_sort_step,bitonic_sort_step..,"40,19","0,00","11,18","88,17",26," 4096,    1,    1","  512,    1,    1"
70,0.00,bitonic_sort_step,bitonic_sort_step..,"40,77","0,00","11,66","87,20",26," 4096,    1,    1","  512,    1,    1"
71,5.31,bitonic_sort_step,bitonic_sort_step..,"40,54","2,15","13,01","87,88",26," 4096,    1,    1","  512,    1,    1"
72,0.00,bitonic_sort_step,bitonic_sort_step..,"41,34","0,00","15,10","88,16",26," 4096,    1,    1","  512,    1,    1"
73,0.00,bitonic_sort_step,bitonic_sort_step..,"42,34","0,00","27,07","89,15",26," 4096,    1,    1","  512,    1,    1"
74,0.00,bitonic_sort_step,bitonic_sort_step..,"44,96","0,00","25,97","89,64",26," 4096,    1,    1","  512,    1,    1"
75,0.00,bitonic_sort_step,bitonic_sort_step..,"49,60","0,00","23,36","90,47",26," 4096,    1,    1","  512,    1,    1"
76,0.00,bitonic_sort_step,bitonic_sort_step..,"46,14","0,00","24,75","89,94",26," 4096,    1,    1","  512,    1,    1"
77,0.00,bitonic_sort_step,bitonic_sort_step..,"41,79","0,00","26,28","88,73",26," 4096,    1,    1","  512,    1,    1"
78,0.00,bitonic_sort_step,bitonic_sort_step..,"39,78","0,00","10,66","88,59",26," 4096,    1,    1","  512,    1,    1"
79,0.00,bitonic_sort_step,bitonic_sort_step..,"40,61","0,00","10,66","86,64",26," 4096,    1,    1","  512,    1,    1"
80,0.00,bitonic_sort_step,bitonic_sort_step..,"39,78","0,00","10,82","88,88",26," 4096,    1,    1","  512,    1,    1"
81,0.00,bitonic_sort_step,bitonic_sort_step..,"40,77","0,00","10,77","86,82",26," 4096,    1,    1","  512,    1,    1"
82,0.00,bitonic_sort_step,bitonic_sort_step..,"39,71","0,00","11,17","88,29",26," 4096,    1,    1","  512,    1,    1"
83,0.00,bitonic_sort_step,bitonic_sort_step..,"40,77","0,00","11,84","87,16",26," 4096,    1,    1","  512,    1,    1"
84,0.00,bitonic_sort_step,bitonic_sort_step..,"40,32","0,00","12,99","88,42",26," 4096,    1,    1","  512,    1,    1"
85,0.00,bitonic_sort_step,bitonic_sort_step..,"40,70","0,00","15,33","89,37",26," 4096,    1,    1","  512,    1,    1"
86,0.00,bitonic_sort_step,bitonic_sort_step..,"42,40","0,00","27,12","89,09",26," 4096,    1,    1","  512,    1,    1"
87,0.00,bitonic_sort_step,bitonic_sort_step..,"44,83","0,00","26,08","89,78",26," 4096,    1,    1","  512,    1,    1"
88,0.00,bitonic_sort_step,bitonic_sort_step..,"49,63","0,00","23,37","90,34",26," 4096,    1,    1","  512,    1,    1"
89,0.00,bitonic_sort_step,bitonic_sort_step..,"46,05","0,00","24,88","89,91",26," 4096,    1,    1","  512,    1,    1"
90,0.00,bitonic_sort_step,bitonic_sort_step..,"41,44","0,00","26,38","88,99",26," 4096,    1,    1","  512,    1,    1"
91,0.00,bitonic_sort_step,bitonic_sort_step..,"39,58","0,00","10,69","88,84",26," 4096,    1,    1","  512,    1,    1"
92,0.00,bitonic_sort_step,bitonic_sort_step..,"39,87","0,00","10,71","88,66",26," 4096,    1,    1","  512,    1,    1"
93,0.00,bitonic_sort_step,bitonic_sort_step..,"39,87","0,00","10,80","88,63",26," 4096,    1,    1","  512,    1,    1"
94,0.00,bitonic_sort_step,bitonic_sort_step..,"40,22","0,00","10,82","88,68",26," 4096,    1,    1","  512,    1,    1"
95,0.00,bitonic_sort_step,bitonic_sort_step..,"40,22","0,00","10,86","88,07",26," 4096,    1,    1","  512,    1,    1"
96,0.00,bitonic_sort_step,bitonic_sort_step..,"40,45","0,00","11,22","87,34",26," 4096,    1,    1","  512,    1,    1"
97,0.00,bitonic_sort_step,bitonic_sort_step..,"40,45","0,00","11,58","87,96",26," 4096,    1,    1","  512,    1,    1"
98,5.43,bitonic_sort_step,bitonic_sort_step..,"40,67","2,21","12,94","87,93",26," 4096,    1,    1","  512,    1,    1"
99,0.00,bitonic_sort_step,bitonic_sort_step..,"40,86","0,00","15,06","89,32",26," 4096,    1,    1","  512,    1,    1"
100,0.00,bitonic_sort_step,bitonic_sort_step..,"42,30","0,00","27,05","89,47",26," 4096,    1,    1","  512,    1,    1"
101,0.00,bitonic_sort_step,bitonic_sort_step..,"44,80","0,00","25,95","90,01",26," 4096,    1,    1","  512,    1,    1"
102,0.00,bitonic_sort_step,bitonic_sort_step..,"49,34","0,00","23,35","90,65",26," 4096,    1,    1","  512,    1,    1"
103,0.00,bitonic_sort_step,bitonic_sort_step..,"45,92","0,00","24,96","89,98",26," 4096,    1,    1","  512,    1,    1"
104,0.00,bitonic_sort_step,bitonic_sort_step..,"41,25","0,00","26,37","88,91",26," 4096,    1,    1","  512,    1,    1"
105,0.00,bitonic_sort_step,bitonic_sort_step..,"39,20","0,00","10,68","88,98",26," 4096,    1,    1","  512,    1,    1"
106,0.00,bitonic_sort_step,bitonic_sort_step..,"39,74","0,00","10,66","88,82",26," 4096,    1,    1","  512,    1,    1"
107,0.00,bitonic_sort_step,bitonic_sort_step..,"40,13","0,00","10,72","88,76",26," 4096,    1,    1","  512,    1,    1"
108,0.00,bitonic_sort_step,bitonic_sort_step..,"40,64","0,00","10,77","87,49",26," 4096,    1,    1","  512,    1,    1"
109,0.00,bitonic_sort_step,bitonic_sort_step..,"40,35","0,00","10,82","88,60",26," 4096,    1,    1","  512,    1,    1"
110,0.00,bitonic_sort_step,bitonic_sort_step..,"40,32","0,00","10,75","87,86",26," 4096,    1,    1","  512,    1,    1"
111,0.00,bitonic_sort_step,bitonic_sort_step..,"40,19","0,00","11,07","87,13",26," 4096,    1,    1","  512,    1,    1"
112,0.00,bitonic_sort_step,bitonic_sort_step..,"40,67","0,00","11,64","87,26",26," 4096,    1,    1","  512,    1,    1"
113,0.00,bitonic_sort_step,bitonic_sort_step..,"40,19","0,00","13,01","88,19",26," 4096,    1,    1","  512,    1,    1"
114,0.00,bitonic_sort_step,bitonic_sort_step..,"40,83","0,00","15,26","88,97",26," 4096,    1,    1","  512,    1,    1"
115,0.00,bitonic_sort_step,bitonic_sort_step..,"42,14","0,00","27,20","89,28",26," 4096,    1,    1","  512,    1,    1"
116,0.00,bitonic_sort_step,bitonic_sort_step..,"44,83","0,00","26,01","89,67",26," 4096,    1,    1","  512,    1,    1"
117,0.00,bitonic_sort_step,bitonic_sort_step..,"49,47","0,00","23,47","90,33",26," 4096,    1,    1","  512,    1,    1"
118,0.00,bitonic_sort_step,bitonic_sort_step..,"45,63","0,00","25,08","89,89",26," 4096,    1,    1","  512,    1,    1"
119,0.00,bitonic_sort_step,bitonic_sort_step..,"40,96","0,00","26,72","88,37",26," 4096,    1,    1","  512,    1,    1"
120,0.00,bitonic_sort_step,bitonic_sort_step..,"38,94","0,00","10,61","88,75",26," 4096,    1,    1","  512,    1,    1"
121,0.00,bitonic_sort_step,bitonic_sort_step..,"39,10","0,00","10,59","88,39",26," 4096,    1,    1","  512,    1,    1"
122,0.00,bitonic_sort_step,bitonic_sort_step..,"39,74","0,00","10,63","88,56",26," 4096,    1,    1","  512,    1,    1"
123,0.00,bitonic_sort_step,bitonic_sort_step..,"39,55","0,00","10,64","88,56",26," 4096,    1,    1","  512,    1,    1"
124,0.00,bitonic_sort_step,bitonic_sort_step..,"39,26","0,00","10,69","87,80",26," 4096,    1,    1","  512,    1,    1"
125,0.00,bitonic_sort_step,bitonic_sort_step..,"39,65","0,00","10,83","88,88",26," 4096,    1,    1","  512,    1,    1"
126,0.00,bitonic_sort_step,bitonic_sort_step..,"39,68","0,00","10,82","88,10",26," 4096,    1,    1","  512,    1,    1"
127,0.00,bitonic_sort_step,bitonic_sort_step..,40,"0,00","11,01","87,53",26," 4096,    1,    1","  512,    1,    1"
128,0.00,bitonic_sort_step,bitonic_sort_step..,"40,58","0,00","11,62","87,33",26," 4096,    1,    1","  512,    1,    1"
129,0.00,bitonic_sort_step,bitonic_sort_step..,"40,26","0,00","12,89","87,65",26," 4096,    1,    1","  512,    1,    1"
130,0.00,bitonic_sort_step,bitonic_sort_step..,"40,48","0,00","15,19","89,32",26," 4096,    1,    1","  512,    1,    1"
131,0.00,bitonic_sort_step,bitonic_sort_step..,"41,92","0,00","26,78","89,30",26," 4096,    1,    1","  512,    1,    1"
132,0.00,bitonic_sort_step,bitonic_sort_step..,"44,26","0,00","25,90","89,73",26," 4096,    1,    1","  512,    1,    1"
133,0.00,bitonic_sort_step,bitonic_sort_step..,"48,74","0,00","23,46","90,38",26," 4096,    1,    1","  512,    1,    1"
134,0.00,bitonic_sort_step,bitonic_sort_step..,"44,64","0,00","25,23","89,85",26," 4096,    1,    1","  512,    1,    1"
135,0.00,bitonic_sort_step,bitonic_sort_step..,"39,74","0,00","27,01","88,64",26," 4096,    1,    1","  512,    1,    1"
136,0.00,bitonic_sort_step,bitonic_sort_step..,"39,78","0,00","10,65","88,95",26," 4096,    1,    1","  512,    1,    1"
137,0.00,bitonic_sort_step,bitonic_sort_step..,"39,68","0,00","10,68","88,96",26," 4096,    1,    1","  512,    1,    1"
138,0.00,bitonic_sort_step,bitonic_sort_step..,"39,58","0,00","10,69","88,84",26," 4096,    1,    1","  512,    1,    1"
139,0.00,bitonic_sort_step,bitonic_sort_step..,"39,39","0,00","10,70","89,04",26," 4096,    1,    1","  512,    1,    1"
140,0.00,bitonic_sort_step,bitonic_sort_step..,"39,46","0,00","10,64","88,93",26," 4096,    1,    1","  512,    1,    1"
141,0.00,bitonic_sort_step,bitonic_sort_step..,"39,39","0,00","10,66","87,83",26," 4096,    1,    1","  512,    1,    1"
142,0.00,bitonic_sort_step,bitonic_sort_step..,"39,46","0,00","10,74","88,39",26," 4096,    1,    1","  512,    1,    1"
143,0.00,bitonic_sort_step,bitonic_sort_step..,"40,22","0,00","10,85","87,27",26," 4096,    1,    1","  512,    1,    1"
144,0.00,bitonic_sort_step,bitonic_sort_step..,"40,29","0,00","11,01","87,02",26," 4096,    1,    1","  512,    1,    1"
145,0.00,bitonic_sort_step,bitonic_sort_step..,"40,35","0,00","11,61","87,42",26," 4096,    1,    1","  512,    1,    1"
146,5.45,bitonic_sort_step,bitonic_sort_step..,"40,45","2,20","12,73","87,26",26," 4096,    1,    1","  512,    1,    1"
147,0.00,bitonic_sort_step,bitonic_sort_step..,"40,67","0,00","15,10","88,89",26," 4096,    1,    1","  512,    1,    1"
148,0.00,bitonic_sort_step,bitonic_sort_step..,"41,98","0,00","26,69","88,82",26," 4096,    1,    1","  512,    1,    1"
149,0.00,bitonic_sort_step,bitonic_sort_step..,"44,42","0,00","26,02","89,18",26," 4096,    1,    1","  512,    1,    1"
150,0.00,bitonic_sort_step,bitonic_sort_step..,"48,80","0,00","23,49","89,92",26," 4096,    1,    1","  512,    1,    1"
151,0.00,bitonic_sort_step,bitonic_sort_step..,"44,10","0,00","25,52","89,36",26," 4096,    1,    1","  512,    1,    1"
152,0.00,bitonic_sort_step,bitonic_sort_step..,"38,59","0,00","27,51","88,01",26," 4096,    1,    1","  512,    1,    1"
153,0.00,bitonic_sort_step,bitonic_sort_step..,"39,26","0,00","10,63","89,13",26," 4096,    1,    1","  512,    1,    1"
154,0.00,bitonic_sort_step,bitonic_sort_step..,"40,13","0,00","10,62","88,10",26," 4096,    1,    1","  512,    1,    1"
155,0.00,bitonic_sort_step,bitonic_sort_step..,"41,09","0,00","10,80","89,25",26," 4096,    1,    1","  512,    1,    1"
156,0.00,bitonic_sort_step,bitonic_sort_step..,"41,54","0,00","10,85","88,51",26," 4096,    1,    1","  512,    1,    1"
157,0.00,bitonic_sort_step,bitonic_sort_step..,"40,64","0,00","10,71","87,68",26," 4096,    1,    1","  512,    1,    1"
158,0.00,bitonic_sort_step,bitonic_sort_step..,"39,84","0,00","10,69","88,49",26," 4096,    1,    1","  512,    1,    1"
159,0.00,bitonic_sort_step,bitonic_sort_step..,"40,26","0,00","10,64","87,40",26," 4096,    1,    1","  512,    1,    1"
160,0.00,bitonic_sort_step,bitonic_sort_step..,"40,29","0,00","10,85","88,44",26," 4096,    1,    1","  512,    1,    1"
161,0.00,bitonic_sort_step,bitonic_sort_step..,"40,90","0,00","10,85","87,05",26," 4096,    1,    1","  512,    1,    1"
162,0.00,bitonic_sort_step,bitonic_sort_step..,"40,45","0,00","11,09","87,12",26," 4096,    1,    1","  512,    1,    1"
163,0.00,bitonic_sort_step,bitonic_sort_step..,"40,32","0,00","11,79","87,56",26," 4096,    1,    1","  512,    1,    1"
164,0.00,bitonic_sort_step,bitonic_sort_step..,"40,13","0,00","13,00","88,59",26," 4096,    1,    1","  512,    1,    1"
165,0.00,bitonic_sort_step,bitonic_sort_step..,"41,89","0,00","15,12","87,84",26," 4096,    1,    1","  512,    1,    1"
166,0.00,bitonic_sort_step,bitonic_sort_step..,"42,02","0,00","26,86","89,41",26," 4096,    1,    1","  512,    1,    1"
167,0.00,bitonic_sort_step,bitonic_sort_step..,"44,48","0,00","26,00","89,53",26," 4096,    1,    1","  512,    1,    1"
168,0.00,bitonic_sort_step,bitonic_sort_step..,"48,58","0,00","23,75","90,37",26," 4096,    1,    1","  512,    1,    1"
169,0.00,bitonic_sort_step,bitonic_sort_step..,"43,33","0,00","26,30","89,53",26," 4096,    1,    1","  512,    1,    1"
170,0.00,bitonic_sort_step,bitonic_sort_step..,"37,28","0,00","27,98","87,75",26," 4096,    1,    1","  512,    1,    1"
171,0.00,bitonic_sort_step,bitonic_sort_step..,"37,47","0,00","10,37","88,02",26," 4096,    1,    1","  512,    1,    1"
172,0.00,bitonic_sort_step,bitonic_sort_step..,"37,44","0,00","10,41","88,18",26," 4096,    1,    1","  512,    1,    1"
173,0.00,bitonic_sort_step,bitonic_sort_step..,"37,12","0,00","10,39","88,60",26," 4096,    1,    1","  512,    1,    1"
174,0.00,bitonic_sort_step,bitonic_sort_step..,"37,34","0,00","10,46","88,32",26," 4096,    1,    1","  512,    1,    1"
175,0.00,bitonic_sort_step,bitonic_sort_step..,"38,08","0,00","10,54","88,55",26," 4096,    1,    1","  512,    1,    1"
176,0.00,bitonic_sort_step,bitonic_sort_step..,"38,62","0,00","10,63","88,86",26," 4096,    1,    1","  512,    1,    1"
177,0.00,bitonic_sort_step,bitonic_sort_step..,"39,23","0,00","10,63","88,60",26," 4096,    1,    1","  512,    1,    1"
178,0.00,bitonic_sort_step,bitonic_sort_step..,"39,36","0,00","10,52","87,09",26," 4096,    1,    1","  512,    1,    1"
179,0.00,bitonic_sort_step,bitonic_sort_step..,"39,14","0,00","10,73","88,24",26," 4096,    1,    1","  512,    1,    1"
180,0.00,bitonic_sort_step,bitonic_sort_step..,"39,23","0,00","10,79","87,92",26," 4096,    1,    1","  512,    1,    1"
181,0.00,bitonic_sort_step,bitonic_sort_step..,"39,74","0,00","11,05","87,73",26," 4096,    1,    1","  512,    1,    1"
182,0.00,bitonic_sort_step,bitonic_sort_step..,"39,33","0,00","11,54","88,17",26," 4096,    1,    1","  512,    1,    1"
183,0.00,bitonic_sort_step,bitonic_sort_step..,"39,97","0,00","12,80","87,72",26," 4096,    1,    1","  512,    1,    1"
184,0.00,bitonic_sort_step,bitonic_sort_step..,"41,25","0,00","14,90","87,63",26," 4096,    1,    1","  512,    1,    1"
185,0.00,bitonic_sort_step,bitonic_sort_step..,"41,18","0,00","26,68","89,22",26," 4096,    1,    1","  512,    1,    1"
186,0.00,bitonic_sort_step,bitonic_sort_step..,"43,81","0,00","25,66","88,90",26," 4096,    1,    1","  512,    1,    1"
187,0.00,bitonic_sort_step,bitonic_sort_step..,"47,55","0,00","23,39","90,41",26," 4096,    1,    1","  512,    1,    1"
188,0.00,bitonic_sort_step,bitonic_sort_step..,"41,22","0,00","26,31","89,20",26," 4096,    1,    1","  512,    1,    1"
189,0.00,bitonic_sort_step,bitonic_sort_step..,"34,62","0,00","26,53","87,59",26," 4096,    1,    1","  512,    1,    1"
190,0.00,bitonic_sort_step,bitonic_sort_step..,"43,36","0,00","11,02","89,97",26," 4096,    1,    1","  512,    1,    1"
191,0.00,bitonic_sort_step,bitonic_sort_step..,48,"0,00","11,23","89,01",26," 4096,    1,    1","  512,    1,    1"
192,0.00,bitonic_sort_step,bitonic_sort_step..,"44,54","0,00","10,60","86,52",26," 4096,    1,    1","  512,    1,    1"
193,5.09,bitonic_sort_step,bitonic_sort_step..,"42,66","2,17","10,69","87,27",26," 4096,    1,    1","  512,    1,    1"
194,5.55,bitonic_sort_step,bitonic_sort_step..,"43,87","2,44","10,73","86,02",26," 4096,    1,    1","  512,    1,    1"
195,5.36,bitonic_sort_step,bitonic_sort_step..,"42,82","2,29","10,82","87,38",26," 4096,    1,    1","  512,    1,    1"
196,0.00,bitonic_sort_step,bitonic_sort_step..,"42,94","0,00","10,77","86,87",26," 4096,    1,    1","  512,    1,    1"
197,5.11,bitonic_sort_step,bitonic_sort_step..,"43,23","2,21","10,73","86,31",26," 4096,    1,    1","  512,    1,    1"
198,0.00,bitonic_sort_step,bitonic_sort_step..,"42,21","0,00","10,68","87,41",26," 4096,    1,    1","  512,    1,    1"
199,0.00,bitonic_sort_step,bitonic_sort_step..,"42,88","0,00","10,86","86,84",26," 4096,    1,    1","  512,    1,    1"
200,6.74,bitonic_sort_step,bitonic_sort_step..,"42,91","2,89","10,63","86,30",26," 4096,    1,    1","  512,    1,    1"
201,0.00,bitonic_sort_step,bitonic_sort_step..,"42,02","0,00","11,29","87,91",26," 4096,    1,    1","  512,    1,    1"
202,6.05,bitonic_sort_step,bitonic_sort_step..,"42,82","2,59","11,72","86,40",26," 4096,    1,    1","  512,    1,    1"
203,5.24,bitonic_sort_step,bitonic_sort_step..,"42,18","2,21","12,43","88,32",26," 4096,    1,    1","  512,    1,    1"
204,0.00,bitonic_sort_step,bitonic_sort_step..,"42,59","0,00","13,97","88,74",26," 4096,    1,    1","  512,    1,    1"
205,0.00,bitonic_sort_step,bitonic_sort_step..,"43,55","0,00","25,11","88,64",26," 4096,    1,    1","  512,    1,    1"
206,0.00,bitonic_sort_step,bitonic_sort_step..,"45,31","0,00","24,48","88,53",26," 4096,    1,    1","  512,    1,    1"
207,0.00,bitonic_sort_step,bitonic_sort_step..,"48,22","0,00","22,96","89,39",26," 4096,    1,    1","  512,    1,    1"
208,0.00,bitonic_sort_step,bitonic_sort_step..,"41,79","0,00","23,75","86,69",26," 4096,    1,    1","  512,    1,    1"
209,5.19,bitonic_sort_step,bitonic_sort_step..,"36,26","1,88","23,11","84,17",26," 4096,    1,    1","  512,    1,    1"
210,0.00,bitonic_sort_step,bitonic_sort_step..,"31,01","0,00","9,58","85,95",26," 4096,    1,    1","  512,    1,    1"
211,6.13,bitonic_sort_step,bitonic_sort_step..,"39,07","2,40","10,26","86,86",26," 4096,    1,    1","  512,    1,    1"
212,0.00,bitonic_sort_step,bitonic_sort_step..,"40,61","0,00","10,41","86,27",26," 4096,    1,    1","  512,    1,    1"
213,0.00,bitonic_sort_step,bitonic_sort_step..,"36,38","0,00","10,34","87,34",26," 4096,    1,    1","  512,    1,    1"
214,0.00,bitonic_sort_step,bitonic_sort_step..,"35,14","0,00","10,19","87,83",26," 4096,    1,    1","  512,    1,    1"
215,0.00,bitonic_sort_step,bitonic_sort_step..,"36,03","0,00","10,35","88,10",26," 4096,    1,    1","  512,    1,    1"
216,0.00,bitonic_sort_step,bitonic_sort_step..,"36,96","0,00","10,41","87,93",26," 4096,    1,    1","  512,    1,    1"
217,0.00,bitonic_sort_step,bitonic_sort_step..,"36,45","0,00","10,38","87,84",26," 4096,    1,    1","  512,    1,    1"
218,0.00,bitonic_sort_step,bitonic_sort_step..,"36,67","0,00","10,37","87,93",26," 4096,    1,    1","  512,    1,    1"
219,0.00,bitonic_sort_step,bitonic_sort_step..,"37,09","0,00","10,45","86,82",26," 4096,    1,    1","  512,    1,    1"
220,0.00,bitonic_sort_step,bitonic_sort_step..,"36,83","0,00","10,48","87,54",26," 4096,    1,    1","  512,    1,    1"
221,0.00,bitonic_sort_step,bitonic_sort_step..,"37,28","0,00","10,43","86,21",26," 4096,    1,    1","  512,    1,    1"
222,0.00,bitonic_sort_step,bitonic_sort_step..,"36,48","0,00","10,89","87,20",26," 4096,    1,    1","  512,    1,    1"
223,0.00,bitonic_sort_step,bitonic_sort_step..,"36,26","0,00","11,54","88,07",26," 4096,    1,    1","  512,    1,    1"
224,6.93,bitonic_sort_step,bitonic_sort_step..,"36,96","2,56","12,35","87,08",26," 4096,    1,    1","  512,    1,    1"
225,0.00,bitonic_sort_step,bitonic_sort_step..,"37,25","0,00","14,42","88,18",26," 4096,    1,    1","  512,    1,    1"
226,0.00,bitonic_sort_step,bitonic_sort_step..,"38,30","0,00","25,39","88,12",26," 4096,    1,    1","  512,    1,    1"
227,0.00,bitonic_sort_step,bitonic_sort_step..,"39,78","0,00","24,61","89,04",26," 4096,    1,    1","  512,    1,    1"
228,0.00,bitonic_sort_step,bitonic_sort_step..,"43,10","0,00","22,40","89,47",26," 4096,    1,    1","  512,    1,    1"
229,0.00,bitonic_sort_step,bitonic_sort_step..,"35,20","0,00","22,24","87,48",26," 4096,    1,    1","  512,    1,    1"
230,0.00,bitonic_sort_step,bitonic_sort_step..,"30,75","0,00","19,74","86,18",26," 4096,    1,    1","  512,    1,    1"
231,7.35,csrmv_v3_partition_kernel,..csrmv_v3_partition_kernel..,"13,57","1,00","1,41","4,92",22,"  676,    1,    1","  256,    1,    1"
232,7.96,vector_scalar_multiply_kernel,..vector_scalar_multiply_kernel..,"4,67","0,37","25,71","29,82",18,"  676,    1,    1","  256,    1,    1"
233,8.08,csrmv_v3_kernel,..csrmv_v3_kernel..KernelCoeffs..,"48,10","3,89","39,50","67,77",64," 1303,    1,    1","  128,    1,    1"
234,7.18,vector_scalar_multiply_kernel,..vector_scalar_multiply_kernel..,"4,67","0,34","24,95","29,70",18,"  676,    1,    1","  256,    1,    1"
235,10.45,csrmv_v3_kernel,..csrmv_v3_kernel..KernelCoeffs..,"48,13","5,03","38,75","67,75",64," 1303,    1,    1","  128,    1,    1"
236,7.17,vector_scalar_multiply_kernel,..vector_scalar_multiply_kernel..,"4,64","0,33","25,62","29,73",18,"  676,    1,    1","  256,    1,    1"
237,6.03,csrmv_v3_kernel,..csrmv_v3_kernel..KernelCoeffs..,"47,07","2,84","39,09","69,33",64," 1303,    1,    1","  128,    1,    1"
238,7.53,vector_scalar_multiply_kernel,..vector_scalar_multiply_kernel..,"4,67","0,35","25,53","29,86",18,"  676,    1,    1","  256,    1,    1"
239,6.62,csrmv_v3_kernel,..csrmv_v3_kernel..KernelCoeffs..,"47,49","3,14","38,20","68,68",64," 1303,    1,    1","  128,    1,    1"
240,6.93,vector_scalar_multiply_kernel,..vector_scalar_multiply_kernel..,"4,67","0,32","25,74","29,86",18,"  676,    1,    1","  256,    1,    1"
241,7.29,csrmv_v3_kernel,..csrmv_v3_kernel..KernelCoeffs..,"47,94","3,50","40,02","68,03",64," 1303,    1,    1","  128,    1,    1"
242,7.45,vector_scalar_multiply_kernel,..vector_scalar_multiply_kernel..,"4,70","0,35","25,70","29,62",18,"  676,    1,    1","  256,    1,    1"
243,8.14,csrmv_v3_kernel,..csrmv_v3_kernel..KernelCoeffs..,"48,26","3,93","39,54","67,59",64," 1303,    1,    1","  128,    1,    1"
244,8.92,vector_scalar_multiply_kernel,..vector_scalar_multiply_kernel..,"4,70","0,42","25,90","29,55",18,"  676,    1,    1","  256,    1,    1"
245,7.99,csrmv_v3_kernel,..csrmv_v3_kernel..KernelCoeffs..,"48,13","3,85","38,36","67,76",64," 1303,    1,    1","  128,    1,    1"
246,6.99,vector_scalar_multiply_kernel,..vector_scalar_multiply_kernel..,"4,64","0,32","25,45","29,90",18,"  676,    1,    1","  256,    1,    1"
247,8.38,csrmv_v3_kernel,..csrmv_v3_kernel..KernelCoeffs..,"48,22","4,04","38,97","67,64",64," 1303,    1,    1","  128,    1,    1"
248,7.63,vector_scalar_multiply_kernel,..vector_scalar_multiply_kernel..,"4,67","0,36","25,37","29,36",18,"  676,    1,    1","  256,    1,    1"
249,7.52,csrmv_v3_kernel,..csrmv_v3_kernel..KernelCoeffs..,"47,78","3,59","38,71","68,21",64," 1303,    1,    1","  128,    1,    1"
250,7.28,vector_scalar_multiply_kernel,..vector_scalar_multiply_kernel..,"4,64","0,34","25,08","30,29",18,"  676,    1,    1","  256,    1,    1"
251,7.64,csrmv_v3_kernel,..csrmv_v3_kernel..KernelCoeffs..,"47,30","3,61","39,65","68,95",64," 1303,    1,    1","  128,    1,    1"
252,8.23,vector_scalar_multiply_kernel,..vector_scalar_multiply_kernel..,"4,67","0,38","25,53","29,93",18,"  676,    1,    1","  256,    1,    1"
253,7.84,csrmv_v3_kernel,..csrmv_v3_kernel..KernelCoeffs..,"47,58","3,73","40,58","68,53",64," 1303,    1,    1","  128,    1,    1"
254,7.40,vector_scalar_multiply_kernel,..vector_scalar_multiply_kernel..,"4,70","0,35","25,28","29,65",18,"  676,    1,    1","  256,    1,    1"
255,8.92,csrmv_v3_kernel,..csrmv_v3_kernel..KernelCoeffs..,"48,42","4,32","39,74","67,32",64," 1303,    1,    1","  128,    1,    1"
256,7.07,vector_scalar_multiply_kernel,..vector_scalar_multiply_kernel..,"4,70","0,33","24,79","29,61",18,"  676,    1,    1","  256,    1,    1"
257,9.28,csrmv_v3_kernel,..csrmv_v3_kernel..KernelCoeffs..,"48,58","4,51","39,12","67,10",64," 1303,    1,    1","  128,    1,    1"
258,7.71,vector_scalar_multiply_kernel,..vector_scalar_multiply_kernel..,"4,64","0,36","25,29","30,01",18,"  676,    1,    1","  256,    1,    1"
259,7.64,csrmv_v3_kernel,..csrmv_v3_kernel..KernelCoeffs..,"47,62","3,64","38,84","68,52",64," 1303,    1,    1","  128,    1,    1"
